F:70004.0;W:[[(0.8682282315001495, 0.5214865014166954), (0.40835527353772894, 0.9482474000315406), (0.8617493195441277, 0.47192730890897794, -0.7495283561542576, 0.7943682149269868, 0.006728252147426117), (-0.3989611432122605, 0.059033280995067175), (-0.002075778937549899, 0.276583168207298)], [-0.8400917902671333, (-0.9664399074670939, 0.6677622604457064), -0.9664399074670939, 0.47382596869218063, (0.47382596869218063, 0.25266911664255187), 0.15619669166428507], [0.8207635079233428, (0.9407684095118458, -0.9120968073178516), (0.9939584006932731, -0.7675458170634546), 0.7002156848661526], [0.7621993301950512, 0.671649845214933, 0.13647643042239088]];B:[[(0.5175198551834236, 0.5246746828314977), (0.13010850108113092, 0.3213715547871653), (0.8934086842589766, 0.24742009240828416, 0.1253293965123826, 0.3890897408165538, 0.18235998669463288), (0.5062055984863532, 0.17235748674915563), (0.45573918295730453, 0.32567771817858526)], [-0.7009981390630262, (0.2565845225987002, -0.5031218674759798), 0.2565845225987002, -0.238071520822012, (-0.238071520822012, 0.8751316044024925), 0.3018275058186668], [0.27407046684365877, (0.9509214903210592, -0.1904382908428719), (-0.4548372052961492, -0.08388869680600279), 0.7291774896852719], [0.19914982050510488, 0.9109410849749023, -0.2631689007505914]]

Generation: 1
F:79.10073324370809;W:[[(0.5275914144463673, 0.10927207885133561), (-0.22733869230204995, 0.7707418481762942), (0.6266299013543793, 0.8828768319926947, 0.8332859209170946, -0.20649885523191772, 0.04114432164335628), (-0.6764210366096989, -0.7744598240246687), (-0.37335666678632706, 0.8591889534815121)], [0.8216829127839045, (0.7916749935204179, 0.6644490122285976), 0.7916749935204179, 0.8972713578975281, (0.8972713578975281, 0.7003436943348565), 0.13627752856131659], [0.5179940495981712, (0.3879940261032181, 0.661185468110334), (0.6637162369400313, -0.3611863062830983), 0.7279288265766294], [0.9645109095237111, -0.43353827351557284, 0.7900663978613296]];B:[[(0.012939248929294453, 0.4849706996568577), (0.11905569606458011, -0.05870986401387763), (0.2934446281365496, 0.8847548857752365, 0.19534982880154542, -0.7629956214915983, 0.13680813836346634), (0.5866707606594131, 0.8010419284665272), (-0.8402887849259397, -0.4999864870711122)], [0.4975715440762014, (0.20521356079794872, -0.2820277561847605), 0.20521356079794872, -0.11224794905783442, (-0.11224794905783442, -0.021285716073027962), 0.41235592157786505], [-0.1670843665470696, (0.5695052209175023, 0.8804574870203878), (0.28834561088821486, -0.18425077357295327), 0.4095233866560601], [-0.7949256102609313, 0.8213884763820654, -0.1585395247824971]]
F:79.10073324370809;W:[[(0.9898572864042232, 0.7763652178627695), (-0.36725313174523416, -0.7955210469850753), (0.48204364275002043, 0.457803461147452, 0.6074376473807199, 0.9327723881117252, 0.5262059263974833), (0.5537992938912752, -0.987553261689893), (0.4474498351362428, 0.9842477037508207)], [0.20601987101048147, (-0.6332891520437506, -0.40284792607582126), -0.6332891520437506, 0.3894997738035354, (0.3894997738035354, -0.5885254216652367), 0.21792711140303028], [0.8253645334658285, (0.3252073402599416, 0.9493339617712172), (0.3394081442891159, 0.19175501703338504), 0.22028546738849242], [0.42561010666331606, 0.6727977962862447, 0.5189241871739824]];B:[[(-0.02492295003821643, 0.9443316392805998), (0.6650160414457646, 0.6471972981354427), (0.6636091638089385, 0.07092989684102124, 0.46196043999005953, 0.1294492622826907, 0.34339671252446474), (0.44716051474114643, -0.2993156571273553), (0.33032924090292903, 0.4396385572294116)], [0.4820208827378736, (-0.17063639170018963, 0.09002921779780665), -0.17063639170018963, 0.8349821608866514, (0.8349821608866514, 0.0775563780868942), -0.3154456449096277], [0.32578228607860904, (0.5217367627429543, -0.2910662307661934), (0.4832888326744062, 0.8630820182558923), 0.09075212304257652], [0.5357205973494904, 0.262778412794179, 0.7694606093973085]]
F:79.10073324370809;W:[[(0.3704190807535701, 0.7921536821859725), (0.29984819074887065, -0.22458216066378164), (0.40961858160593756, 0.6693626117507113, 0.5227452838824994, 0.642484429476404, -0.7158406576232257), (0.6054436865666465, 0.4321835829046772), (0.6168747879186056, 0.7782604863904564)], [0.6508587615010099, (0.4216238476979207, 0.4138950297204502), 0.4216238476979207, 0.06168462459209989, (0.06168462459209989, -0.2913412265963333), 0.1723381102494934], [0.770138363749636, (-1.0422412096718543, -0.5876188925225493), (0.6986957795370264, 0.6193521869988808), 0.6306670226276382], [0.24987159184747787, 0.5341418819876093, 0.47684884614982026]];B:[[(0.5397658473235405, 0.8514887498459577), (-0.06711429035314995, 0.6172600996203623), (0.27430502687102554, 0.7482864230539397, 0.4142676553307364, -0.8332861563285154, 0.9919383775543824), (0.7224140058335619, -0.6687896404408129), (0.01576445592143228, 0.6230781534966674)], [0.6382077073000124, (0.04153226438423472, -0.2320473257731014), 0.04153226438423472, 0.45881461337313567, (0.45881461337313567, 0.9863796588975909), -0.2736954198277348], [0.3457879977017818, (0.3191773228442555, 0.4315411001164414), (0.9442402816020512, 0.6274533210891247), -0.855268809012886], [0.11211201889330591, -0.8586181742796177, 0.8977857730080432]]

###############################################


Generation: 2
F:150.62211923244664;W:[[(0.3704190807535701, 0.7921536821859725), (0.29984819074887065, -0.22458216066378164), (0.40961858160593756, 0.6693626117507113, 0.5227452838824994, 0.642484429476404, -0.7158406576232257), (0.6054436865666465, 0.4321835829046772), (0.6168747879186056, 0.7782604863904564)], [0.6508587615010099, (0.4216238476979207, 0.4138950297204502), 0.4216238476979207, 0.06168462459209989, (0.06168462459209989, -0.2913412265963333), 0.1723381102494934], [0.770138363749636, (-1.0422412096718543, -0.5876188925225493), (0.6986957795370264, 0.6193521869988808), 0.6306670226276382], [0.24987159184747787, 0.5341418819876093, 0.47684884614982026]];B:[[(0.5397658473235405, 0.8514887498459577), (-0.06711429035314995, 0.6172600996203623), (0.27430502687102554, 0.7482864230539397, 0.4142676553307364, -0.8332861563285154, 0.9919383775543824), (0.7224140058335619, -0.6687896404408129), (0.01576445592143228, 0.6230781534966674)], [0.6382077073000124, (0.04153226438423472, -0.2320473257731014), 0.04153226438423472, 0.45881461337313567, (0.45881461337313567, 0.9863796588975909), -0.2736954198277348], [0.3457879977017818, (0.3191773228442555, 0.4315411001164414), (0.9442402816020512, 0.6274533210891247), -0.855268809012886], [0.11211201889330591, -0.8586181742796177, 0.8977857730080432]]
F:516.932;W:[[(0.06529877006529028, 0.7848260932609233), (-0.013528215090506699, 0.9635960931355475), (-0.2731439341350681, 0.9902237036423057, 0.7547970499407686, 0.3476781567252453, 0.15091821124944332), (0.8046112992650846, -0.09877462515854604), (-0.06429928479561346, 0.39594241581984496)], [0.5511621457777373, (0.6736626041707038, 0.8966233833354249), 0.6736626041707038, 0.9781818345060632, (0.9781818345060632, 0.9813138343467914), 0.21884043881613327], [0.024572252704921287, (0.8379731831229811, 0.19083752500676165), (0.14311332117968478, 0.26991688677093983), -0.8686173624640362], [0.4657117390435136, 0.4158426420579449, 0.04750828649323266]];B:[[(0.5951485056066128, -0.1743693189569988), (-0.7395264180901064, 0.25694688231792895), (-0.8344801693335072, 0.22813696116815974, 0.8001616714478061, -0.15257468704545896, -0.4584908862297322), (0.3255711889303494, 0.5442533284176737), (-0.19619485533870906, -0.42916783922842733)], [0.14200859370752975, (0.4813052948575116, -0.8822125199950183), 0.4813052948575116, 0.6279219591696601, (0.6279219591696601, 0.5787777241803308), 0.024606030430003967], [-0.060742409168235395, (0.516397114363353, 0.4759415877915626), (-0.3667851717287967, 0.30380169984477184), -0.6205510369407354], [0.7351833185419769, -0.13035293632025696, -0.5111623409518051]]
F:557.1169892437081;W:[[(-0.8217121514246206, 0.20534908294332194), (0.9176152819784499, 0.03825170890136946), (0.6101992440406433, 0.26427128174025244, 0.4471026030900399, 0.37479328962938097, 0.15545416648931704), (0.5346221014698079, 0.8589203044038755), (-0.10136737208752698, 0.5369955887814024)], [-0.2449130935890054, (0.4059191949279716, 0.9057805284809521), 0.4059191949279716, 0.6496331026312657, (0.6496331026312657, 0.5409183081955848), 0.26145032193358536], [0.9091947069669423, (0.8108695282449423, 0.053821634003167126), (0.5963563658538354, 0.29568970465960887), 0.9617268573778126], [-0.3730985978982395, 0.2023667858730574, 0.0023268451296419856]];B:[[(0.40565500847120434, 0.03897633349037809), (-0.7037869144715432, -0.7064746971016233), (-0.7350891191015235, -0.6977131989296909, -0.3512965973787241, 0.3888996170922905, 0.7106688644984814), (0.474993089188074, 0.49584287726651566), (-0.32381647978104855, -0.6167895067519158)], [-0.43597830126422743, (-0.8620674950761505, 0.7749008503377199), -0.8620674950761505, 0.7594959564492936, (0.7594959564492936, 0.18321014186430237), 0.6740840371820507], [0.4711145069019521, (0.821579564867768, 0.6522420782453846), (-0.004281436922473163, -0.13842265874041595), -0.3001920935080543], [0.7083288921843606, -0.9692897733917712, 0.04850595732265674]]

###############################################


Generation: 3
F:516.932;W:[[(-0.9567520474922259, 0.009886698015732904), (0.20542106488022682, 0.8853462517235116), (0.029490549006579436, 0.4059584806758878, -0.25611045761662354, 0.5396327005885666, 0.8699226627406234), (0.4758717720171968, -0.4350808370531619), (-0.03787897908362163, -0.3956452301735725)], [0.860890784982702, (0.37361310022300986, 0.8383442961393488), 0.37361310022300986, 0.00930616297596143, (0.00930616297596143, 0.5300973535278878), 0.507263041374788], [0.2312424744578725, (0.42175186602799564, 0.8823028122856343), (-0.18859446240833966, -0.007045240409210344), 0.9693535806278389], [-0.2507989767200606, 0.9515707148470004, 0.3109957937517852]];B:[[(0.4061955216756842, -0.16579493598360584), (0.8816077855171791, 0.7968590720006616), (0.13027810513915933, -0.4964959572212254, 0.44764148687389943, 0.625710903109757, -0.858891998935585), (0.8761050625598144, -0.31932162451906304), (-0.7055235003834774, -0.34488025166785685)], [0.44874850741546446, (-0.6852967950669807, -0.8368250300489777), -0.6852967950669807, -0.3407726357282249, (-0.3407726357282249, 0.22965524231459247), 0.19700092682015735], [-0.03273679635037803, (0.34165180742441725, -0.08675787393628176), (0.6239696423429308, 0.5318728313185591), -0.09300251814981142], [-0.2841946109310584, 0.2122061055270833, -0.016535516229414737]]
F:830.5184206449486;W:[[(-0.8217121514246206, 0.20534908294332194), (0.9176152819784499, 0.03825170890136946), (0.6101992440406433, 0.26427128174025244, 0.4471026030900399, 0.37479328962938097, 0.15545416648931704), (0.5346221014698079, 0.8589203044038755), (-0.10136737208752698, 0.5369955887814024)], [-0.2449130935890054, (0.4059191949279716, 0.9057805284809521), 0.4059191949279716, 0.6496331026312657, (0.6496331026312657, 0.5409183081955848), 0.26145032193358536], [0.9091947069669423, (0.8108695282449423, 0.053821634003167126), (0.5963563658538354, 0.29568970465960887), 0.9617268573778126], [-0.3730985978982395, 0.2023667858730574, 0.0023268451296419856]];B:[[(0.40565500847120434, 0.03897633349037809), (-0.7037869144715432, -0.7064746971016233), (-0.7350891191015235, -0.6977131989296909, -0.3512965973787241, 0.3888996170922905, 0.7106688644984814), (0.474993089188074, 0.49584287726651566), (-0.32381647978104855, -0.6167895067519158)], [-0.43597830126422743, (-0.8620674950761505, 0.7749008503377199), -0.8620674950761505, 0.7594959564492936, (0.7594959564492936, 0.18321014186430237), 0.6740840371820507], [0.4711145069019521, (0.821579564867768, 0.6522420782453846), (-0.004281436922473163, -0.13842265874041595), -0.3001920935080543], [0.7083288921843606, -0.9692897733917712, 0.04850595732265674]]
F:1026.864;W:[[(0.06529877006529028, 0.7848260932609233), (-0.013528215090506699, 0.9635960931355475), (-0.2731439341350681, 0.9902237036423057, 0.7547970499407686, 0.3476781567252453, 0.15091821124944332), (0.8046112992650846, -0.09877462515854604), (-0.06429928479561346, 0.39594241581984496)], [0.5511621457777373, (0.6736626041707038, 0.8966233833354249), 0.6736626041707038, 0.9781818345060632, (0.9781818345060632, 0.9813138343467914), 0.21884043881613327], [0.024572252704921287, (0.8379731831229811, 0.19083752500676165), (0.14311332117968478, 0.26991688677093983), -0.8686173624640362], [0.4657117390435136, 0.4158426420579449, 0.04750828649323266]];B:[[(0.5951485056066128, -0.1743693189569988), (-0.7395264180901064, 0.25694688231792895), (-0.8344801693335072, 0.22813696116815974, 0.8001616714478061, -0.15257468704545896, -0.4584908862297322), (0.3255711889303494, 0.5442533284176737), (-0.19619485533870906, -0.42916783922842733)], [0.14200859370752975, (0.4813052948575116, -0.8822125199950183), 0.4813052948575116, 0.6279219591696601, (0.6279219591696601, 0.5787777241803308), 0.024606030430003967], [-0.060742409168235395, (0.516397114363353, 0.4759415877915626), (-0.3667851717287967, 0.30380169984477184), -0.6205510369407354], [0.7351833185419769, -0.13035293632025696, -0.5111623409518051]]

###############################################


Generation: 4
F:1026.864;W:[[(-0.9567520474922259, 0.009886698015732904), (0.20542106488022682, 0.8853462517235116), (0.029490549006579436, 0.4059584806758878, -0.25611045761662354, 0.5396327005885666, 0.8699226627406234), (0.4758717720171968, -0.4350808370531619), (-0.03787897908362163, -0.3956452301735725)], [0.860890784982702, (0.37361310022300986, 0.8383442961393488), 0.37361310022300986, 0.00930616297596143, (0.00930616297596143, 0.5300973535278878), 0.507263041374788], [0.2312424744578725, (0.42175186602799564, 0.8823028122856343), (-0.18859446240833966, -0.007045240409210344), 0.9693535806278389], [-0.2507989767200606, 0.9515707148470004, 0.3109957937517852]];B:[[(0.4061955216756842, -0.16579493598360584), (0.8816077855171791, 0.7968590720006616), (0.13027810513915933, -0.4964959572212254, 0.44764148687389943, 0.625710903109757, -0.858891998935585), (0.8761050625598144, -0.31932162451906304), (-0.7055235003834774, -0.34488025166785685)], [0.44874850741546446, (-0.6852967950669807, -0.8368250300489777), -0.6852967950669807, -0.3407726357282249, (-0.3407726357282249, 0.22965524231459247), 0.19700092682015735], [-0.03273679635037803, (0.34165180742441725, -0.08675787393628176), (0.6239696423429308, 0.5318728313185591), -0.09300251814981142], [-0.2841946109310584, 0.2122061055270833, -0.016535516229414737]]
F:1102.8151432324466;W:[[(-0.8217121514246206, 0.20534908294332194), (0.9176152819784499, 0.03825170890136946), (0.6101992440406433, 0.26427128174025244, 0.4471026030900399, 0.37479328962938097, 0.15545416648931704), (0.5346221014698079, 0.8589203044038755), (-0.10136737208752698, 0.5369955887814024)], [-0.2449130935890054, (0.4059191949279716, 0.9057805284809521), 0.4059191949279716, 0.6496331026312657, (0.6496331026312657, 0.5409183081955848), 0.26145032193358536], [0.9091947069669423, (0.8108695282449423, 0.053821634003167126), (0.5963563658538354, 0.29568970465960887), 0.9617268573778126], [-0.3730985978982395, 0.2023667858730574, 0.0023268451296419856]];B:[[(0.40565500847120434, 0.03897633349037809), (-0.7037869144715432, -0.7064746971016233), (-0.7350891191015235, -0.6977131989296909, -0.3512965973787241, 0.3888996170922905, 0.7106688644984814), (0.474993089188074, 0.49584287726651566), (-0.32381647978104855, -0.6167895067519158)], [-0.43597830126422743, (-0.8620674950761505, 0.7749008503377199), -0.8620674950761505, 0.7594959564492936, (0.7594959564492936, 0.18321014186430237), 0.6740840371820507], [0.4711145069019521, (0.821579564867768, 0.6522420782453846), (-0.004281436922473163, -0.13842265874041595), -0.3001920935080543], [0.7083288921843606, -0.9692897733917712, 0.04850595732265674]]
F:1536.796;W:[[(0.06529877006529028, 0.7848260932609233), (-0.013528215090506699, 0.9635960931355475), (-0.2731439341350681, 0.9902237036423057, 0.7547970499407686, 0.3476781567252453, 0.15091821124944332), (0.8046112992650846, -0.09877462515854604), (-0.06429928479561346, 0.39594241581984496)], [0.5511621457777373, (0.6736626041707038, 0.8966233833354249), 0.6736626041707038, 0.9781818345060632, (0.9781818345060632, 0.9813138343467914), 0.21884043881613327], [0.024572252704921287, (0.8379731831229811, 0.19083752500676165), (0.14311332117968478, 0.26991688677093983), -0.8686173624640362], [0.4657117390435136, 0.4158426420579449, 0.04750828649323266]];B:[[(0.5951485056066128, -0.1743693189569988), (-0.7395264180901064, 0.25694688231792895), (-0.8344801693335072, 0.22813696116815974, 0.8001616714478061, -0.15257468704545896, -0.4584908862297322), (0.3255711889303494, 0.5442533284176737), (-0.19619485533870906, -0.42916783922842733)], [0.14200859370752975, (0.4813052948575116, -0.8822125199950183), 0.4813052948575116, 0.6279219591696601, (0.6279219591696601, 0.5787777241803308), 0.024606030430003967], [-0.060742409168235395, (0.516397114363353, 0.4759415877915626), (-0.3667851717287967, 0.30380169984477184), -0.6205510369407354], [0.7351833185419769, -0.13035293632025696, -0.5111623409518051]]

###############################################


Generation: 5
F:1374.007157006202;W:[[(-0.8217121514246206, 0.20534908294332194), (0.9176152819784499, 0.03825170890136946), (0.6101992440406433, 0.26427128174025244, 0.4471026030900399, 0.37479328962938097, 0.15545416648931704), (0.5346221014698079, 0.8589203044038755), (-0.10136737208752698, 0.5369955887814024)], [-0.2449130935890054, (0.4059191949279716, 0.9057805284809521), 0.4059191949279716, 0.6496331026312657, (0.6496331026312657, 0.5409183081955848), 0.26145032193358536], [0.9091947069669423, (0.8108695282449423, 0.053821634003167126), (0.5963563658538354, 0.29568970465960887), 0.9617268573778126], [-0.3730985978982395, 0.2023667858730574, 0.0023268451296419856]];B:[[(0.40565500847120434, 0.03897633349037809), (-0.7037869144715432, -0.7064746971016233), (-0.7350891191015235, -0.6977131989296909, -0.3512965973787241, 0.3888996170922905, 0.7106688644984814), (0.474993089188074, 0.49584287726651566), (-0.32381647978104855, -0.6167895067519158)], [-0.43597830126422743, (-0.8620674950761505, 0.7749008503377199), -0.8620674950761505, 0.7594959564492936, (0.7594959564492936, 0.18321014186430237), 0.6740840371820507], [0.4711145069019521, (0.821579564867768, 0.6522420782453846), (-0.004281436922473163, -0.13842265874041595), -0.3001920935080543], [0.7083288921843606, -0.9692897733917712, 0.04850595732265674]]
F:1536.796;W:[[(-0.9567520474922259, 0.009886698015732904), (0.20542106488022682, 0.8853462517235116), (0.029490549006579436, 0.4059584806758878, -0.25611045761662354, 0.5396327005885666, 0.8699226627406234), (0.4758717720171968, -0.4350808370531619), (-0.03787897908362163, -0.3956452301735725)], [0.860890784982702, (0.37361310022300986, 0.8383442961393488), 0.37361310022300986, 0.00930616297596143, (0.00930616297596143, 0.5300973535278878), 0.507263041374788], [0.2312424744578725, (0.42175186602799564, 0.8823028122856343), (-0.18859446240833966, -0.007045240409210344), 0.9693535806278389], [-0.2507989767200606, 0.9515707148470004, 0.3109957937517852]];B:[[(0.4061955216756842, -0.16579493598360584), (0.8816077855171791, 0.7968590720006616), (0.13027810513915933, -0.4964959572212254, 0.44764148687389943, 0.625710903109757, -0.858891998935585), (0.8761050625598144, -0.31932162451906304), (-0.7055235003834774, -0.34488025166785685)], [0.44874850741546446, (-0.6852967950669807, -0.8368250300489777), -0.6852967950669807, -0.3407726357282249, (-0.3407726357282249, 0.22965524231459247), 0.19700092682015735], [-0.03273679635037803, (0.34165180742441725, -0.08675787393628176), (0.6239696423429308, 0.5318728313185591), -0.09300251814981142], [-0.2841946109310584, 0.2122061055270833, -0.016535516229414737]]
F:2046.728;W:[[(0.06529877006529028, 0.7848260932609233), (-0.013528215090506699, 0.9635960931355475), (-0.2731439341350681, 0.9902237036423057, 0.7547970499407686, 0.3476781567252453, 0.15091821124944332), (0.8046112992650846, -0.09877462515854604), (-0.06429928479561346, 0.39594241581984496)], [0.5511621457777373, (0.6736626041707038, 0.8966233833354249), 0.6736626041707038, 0.9781818345060632, (0.9781818345060632, 0.9813138343467914), 0.21884043881613327], [0.024572252704921287, (0.8379731831229811, 0.19083752500676165), (0.14311332117968478, 0.26991688677093983), -0.8686173624640362], [0.4657117390435136, 0.4158426420579449, 0.04750828649323266]];B:[[(0.5951485056066128, -0.1743693189569988), (-0.7395264180901064, 0.25694688231792895), (-0.8344801693335072, 0.22813696116815974, 0.8001616714478061, -0.15257468704545896, -0.4584908862297322), (0.3255711889303494, 0.5442533284176737), (-0.19619485533870906, -0.42916783922842733)], [0.14200859370752975, (0.4813052948575116, -0.8822125199950183), 0.4813052948575116, 0.6279219591696601, (0.6279219591696601, 0.5787777241803308), 0.024606030430003967], [-0.060742409168235395, (0.516397114363353, 0.4759415877915626), (-0.3667851717287967, 0.30380169984477184), -0.6205510369407354], [0.7351833185419769, -0.13035293632025696, -0.5111623409518051]]

###############################################


Generation: 6
F:1644.0944619662157;W:[[(-0.8217121514246206, 0.20534908294332194), (0.9176152819784499, 0.03825170890136946), (0.6101992440406433, 0.26427128174025244, 0.4471026030900399, 0.37479328962938097, 0.15545416648931704), (0.5346221014698079, 0.8589203044038755), (-0.10136737208752698, 0.5369955887814024)], [-0.2449130935890054, (0.4059191949279716, 0.9057805284809521), 0.4059191949279716, 0.6496331026312657, (0.6496331026312657, 0.5409183081955848), 0.26145032193358536], [0.9091947069669423, (0.8108695282449423, 0.053821634003167126), (0.5963563658538354, 0.29568970465960887), 0.9617268573778126], [-0.3730985978982395, 0.2023667858730574, 0.0023268451296419856]];B:[[(0.40565500847120434, 0.03897633349037809), (-0.7037869144715432, -0.7064746971016233), (-0.7350891191015235, -0.6977131989296909, -0.3512965973787241, 0.3888996170922905, 0.7106688644984814), (0.474993089188074, 0.49584287726651566), (-0.32381647978104855, -0.6167895067519158)], [-0.43597830126422743, (-0.8620674950761505, 0.7749008503377199), -0.8620674950761505, 0.7594959564492936, (0.7594959564492936, 0.18321014186430237), 0.6740840371820507], [0.4711145069019521, (0.821579564867768, 0.6522420782453846), (-0.004281436922473163, -0.13842265874041595), -0.3001920935080543], [0.7083288921843606, -0.9692897733917712, 0.04850595732265674]]
F:2046.728;W:[[(-0.9567520474922259, 0.009886698015732904), (0.20542106488022682, 0.8853462517235116), (0.029490549006579436, 0.4059584806758878, -0.25611045761662354, 0.5396327005885666, 0.8699226627406234), (0.4758717720171968, -0.4350808370531619), (-0.03787897908362163, -0.3956452301735725)], [0.860890784982702, (0.37361310022300986, 0.8383442961393488), 0.37361310022300986, 0.00930616297596143, (0.00930616297596143, 0.5300973535278878), 0.507263041374788], [0.2312424744578725, (0.42175186602799564, 0.8823028122856343), (-0.18859446240833966, -0.007045240409210344), 0.9693535806278389], [-0.2507989767200606, 0.9515707148470004, 0.3109957937517852]];B:[[(0.4061955216756842, -0.16579493598360584), (0.8816077855171791, 0.7968590720006616), (0.13027810513915933, -0.4964959572212254, 0.44764148687389943, 0.625710903109757, -0.858891998935585), (0.8761050625598144, -0.31932162451906304), (-0.7055235003834774, -0.34488025166785685)], [0.44874850741546446, (-0.6852967950669807, -0.8368250300489777), -0.6852967950669807, -0.3407726357282249, (-0.3407726357282249, 0.22965524231459247), 0.19700092682015735], [-0.03273679635037803, (0.34165180742441725, -0.08675787393628176), (0.6239696423429308, 0.5318728313185591), -0.09300251814981142], [-0.2841946109310584, 0.2122061055270833, -0.016535516229414737]]
F:2556.66;W:[[(0.06529877006529028, 0.7848260932609233), (-0.013528215090506699, 0.9635960931355475), (-0.2731439341350681, 0.9902237036423057, 0.7547970499407686, 0.3476781567252453, 0.15091821124944332), (0.8046112992650846, -0.09877462515854604), (-0.06429928479561346, 0.39594241581984496)], [0.5511621457777373, (0.6736626041707038, 0.8966233833354249), 0.6736626041707038, 0.9781818345060632, (0.9781818345060632, 0.9813138343467914), 0.21884043881613327], [0.024572252704921287, (0.8379731831229811, 0.19083752500676165), (0.14311332117968478, 0.26991688677093983), -0.8686173624640362], [0.4657117390435136, 0.4158426420579449, 0.04750828649323266]];B:[[(0.5951485056066128, -0.1743693189569988), (-0.7395264180901064, 0.25694688231792895), (-0.8344801693335072, 0.22813696116815974, 0.8001616714478061, -0.15257468704545896, -0.4584908862297322), (0.3255711889303494, 0.5442533284176737), (-0.19619485533870906, -0.42916783922842733)], [0.14200859370752975, (0.4813052948575116, -0.8822125199950183), 0.4813052948575116, 0.6279219591696601, (0.6279219591696601, 0.5787777241803308), 0.024606030430003967], [-0.060742409168235395, (0.516397114363353, 0.4759415877915626), (-0.3667851717287967, 0.30380169984477184), -0.6205510369407354], [0.7351833185419769, -0.13035293632025696, -0.5111623409518051]]

###############################################


Generation: 7
F:1913.0770581124864;W:[[(-0.8217121514246206, 0.20534908294332194), (0.9176152819784499, 0.03825170890136946), (0.6101992440406433, 0.26427128174025244, 0.4471026030900399, 0.37479328962938097, 0.15545416648931704), (0.5346221014698079, 0.8589203044038755), (-0.10136737208752698, 0.5369955887814024)], [-0.2449130935890054, (0.4059191949279716, 0.9057805284809521), 0.4059191949279716, 0.6496331026312657, (0.6496331026312657, 0.5409183081955848), 0.26145032193358536], [0.9091947069669423, (0.8108695282449423, 0.053821634003167126), (0.5963563658538354, 0.29568970465960887), 0.9617268573778126], [-0.3730985978982395, 0.2023667858730574, 0.0023268451296419856]];B:[[(0.40565500847120434, 0.03897633349037809), (-0.7037869144715432, -0.7064746971016233), (-0.7350891191015235, -0.6977131989296909, -0.3512965973787241, 0.3888996170922905, 0.7106688644984814), (0.474993089188074, 0.49584287726651566), (-0.32381647978104855, -0.6167895067519158)], [-0.43597830126422743, (-0.8620674950761505, 0.7749008503377199), -0.8620674950761505, 0.7594959564492936, (0.7594959564492936, 0.18321014186430237), 0.6740840371820507], [0.4711145069019521, (0.821579564867768, 0.6522420782453846), (-0.004281436922473163, -0.13842265874041595), -0.3001920935080543], [0.7083288921843606, -0.9692897733917712, 0.04850595732265674]]
F:2556.66;W:[[(-0.9567520474922259, 0.009886698015732904), (0.20542106488022682, 0.8853462517235116), (0.029490549006579436, 0.4059584806758878, -0.25611045761662354, 0.5396327005885666, 0.8699226627406234), (0.4758717720171968, -0.4350808370531619), (-0.03787897908362163, -0.3956452301735725)], [0.860890784982702, (0.37361310022300986, 0.8383442961393488), 0.37361310022300986, 0.00930616297596143, (0.00930616297596143, 0.5300973535278878), 0.507263041374788], [0.2312424744578725, (0.42175186602799564, 0.8823028122856343), (-0.18859446240833966, -0.007045240409210344), 0.9693535806278389], [-0.2507989767200606, 0.9515707148470004, 0.3109957937517852]];B:[[(0.4061955216756842, -0.16579493598360584), (0.8816077855171791, 0.7968590720006616), (0.13027810513915933, -0.4964959572212254, 0.44764148687389943, 0.625710903109757, -0.858891998935585), (0.8761050625598144, -0.31932162451906304), (-0.7055235003834774, -0.34488025166785685)], [0.44874850741546446, (-0.6852967950669807, -0.8368250300489777), -0.6852967950669807, -0.3407726357282249, (-0.3407726357282249, 0.22965524231459247), 0.19700092682015735], [-0.03273679635037803, (0.34165180742441725, -0.08675787393628176), (0.6239696423429308, 0.5318728313185591), -0.09300251814981142], [-0.2841946109310584, 0.2122061055270833, -0.016535516229414737]]
F:3066.592;W:[[(0.06529877006529028, 0.7848260932609233), (-0.013528215090506699, 0.9635960931355475), (-0.2731439341350681, 0.9902237036423057, 0.7547970499407686, 0.3476781567252453, 0.15091821124944332), (0.8046112992650846, -0.09877462515854604), (-0.06429928479561346, 0.39594241581984496)], [0.5511621457777373, (0.6736626041707038, 0.8966233833354249), 0.6736626041707038, 0.9781818345060632, (0.9781818345060632, 0.9813138343467914), 0.21884043881613327], [0.024572252704921287, (0.8379731831229811, 0.19083752500676165), (0.14311332117968478, 0.26991688677093983), -0.8686173624640362], [0.4657117390435136, 0.4158426420579449, 0.04750828649323266]];B:[[(0.5951485056066128, -0.1743693189569988), (-0.7395264180901064, 0.25694688231792895), (-0.8344801693335072, 0.22813696116815974, 0.8001616714478061, -0.15257468704545896, -0.4584908862297322), (0.3255711889303494, 0.5442533284176737), (-0.19619485533870906, -0.42916783922842733)], [0.14200859370752975, (0.4813052948575116, -0.8822125199950183), 0.4813052948575116, 0.6279219591696601, (0.6279219591696601, 0.5787777241803308), 0.024606030430003967], [-0.060742409168235395, (0.516397114363353, 0.4759415877915626), (-0.3667851717287967, 0.30380169984477184), -0.6205510369407354], [0.7351833185419769, -0.13035293632025696, -0.5111623409518051]]

###############################################


Generation: 8
F:2180.954945445015;W:[[(-0.8217121514246206, 0.20534908294332194), (0.9176152819784499, 0.03825170890136946), (0.6101992440406433, 0.26427128174025244, 0.4471026030900399, 0.37479328962938097, 0.15545416648931704), (0.5346221014698079, 0.8589203044038755), (-0.10136737208752698, 0.5369955887814024)], [-0.2449130935890054, (0.4059191949279716, 0.9057805284809521), 0.4059191949279716, 0.6496331026312657, (0.6496331026312657, 0.5409183081955848), 0.26145032193358536], [0.9091947069669423, (0.8108695282449423, 0.053821634003167126), (0.5963563658538354, 0.29568970465960887), 0.9617268573778126], [-0.3730985978982395, 0.2023667858730574, 0.0023268451296419856]];B:[[(0.40565500847120434, 0.03897633349037809), (-0.7037869144715432, -0.7064746971016233), (-0.7350891191015235, -0.6977131989296909, -0.3512965973787241, 0.3888996170922905, 0.7106688644984814), (0.474993089188074, 0.49584287726651566), (-0.32381647978104855, -0.6167895067519158)], [-0.43597830126422743, (-0.8620674950761505, 0.7749008503377199), -0.8620674950761505, 0.7594959564492936, (0.7594959564492936, 0.18321014186430237), 0.6740840371820507], [0.4711145069019521, (0.821579564867768, 0.6522420782453846), (-0.004281436922473163, -0.13842265874041595), -0.3001920935080543], [0.7083288921843606, -0.9692897733917712, 0.04850595732265674]]
F:3066.592;W:[[(-0.9567520474922259, 0.009886698015732904), (0.20542106488022682, 0.8853462517235116), (0.029490549006579436, 0.4059584806758878, -0.25611045761662354, 0.5396327005885666, 0.8699226627406234), (0.4758717720171968, -0.4350808370531619), (-0.03787897908362163, -0.3956452301735725)], [0.860890784982702, (0.37361310022300986, 0.8383442961393488), 0.37361310022300986, 0.00930616297596143, (0.00930616297596143, 0.5300973535278878), 0.507263041374788], [0.2312424744578725, (0.42175186602799564, 0.8823028122856343), (-0.18859446240833966, -0.007045240409210344), 0.9693535806278389], [-0.2507989767200606, 0.9515707148470004, 0.3109957937517852]];B:[[(0.4061955216756842, -0.16579493598360584), (0.8816077855171791, 0.7968590720006616), (0.13027810513915933, -0.4964959572212254, 0.44764148687389943, 0.625710903109757, -0.858891998935585), (0.8761050625598144, -0.31932162451906304), (-0.7055235003834774, -0.34488025166785685)], [0.44874850741546446, (-0.6852967950669807, -0.8368250300489777), -0.6852967950669807, -0.3407726357282249, (-0.3407726357282249, 0.22965524231459247), 0.19700092682015735], [-0.03273679635037803, (0.34165180742441725, -0.08675787393628176), (0.6239696423429308, 0.5318728313185591), -0.09300251814981142], [-0.2841946109310584, 0.2122061055270833, -0.016535516229414737]]
F:3576.524;W:[[(0.06529877006529028, 0.7848260932609233), (-0.013528215090506699, 0.9635960931355475), (-0.2731439341350681, 0.9902237036423057, 0.7547970499407686, 0.3476781567252453, 0.15091821124944332), (0.8046112992650846, -0.09877462515854604), (-0.06429928479561346, 0.39594241581984496)], [0.5511621457777373, (0.6736626041707038, 0.8966233833354249), 0.6736626041707038, 0.9781818345060632, (0.9781818345060632, 0.9813138343467914), 0.21884043881613327], [0.024572252704921287, (0.8379731831229811, 0.19083752500676165), (0.14311332117968478, 0.26991688677093983), -0.8686173624640362], [0.4657117390435136, 0.4158426420579449, 0.04750828649323266]];B:[[(0.5951485056066128, -0.1743693189569988), (-0.7395264180901064, 0.25694688231792895), (-0.8344801693335072, 0.22813696116815974, 0.8001616714478061, -0.15257468704545896, -0.4584908862297322), (0.3255711889303494, 0.5442533284176737), (-0.19619485533870906, -0.42916783922842733)], [0.14200859370752975, (0.4813052948575116, -0.8822125199950183), 0.4813052948575116, 0.6279219591696601, (0.6279219591696601, 0.5787777241803308), 0.024606030430003967], [-0.060742409168235395, (0.516397114363353, 0.4759415877915626), (-0.3667851717287967, 0.30380169984477184), -0.6205510369407354], [0.7351833185419769, -0.13035293632025696, -0.5111623409518051]]

###############################################


Generation: 9
F:2447.7281239638005;W:[[(-0.8217121514246206, 0.20534908294332194), (0.9176152819784499, 0.03825170890136946), (0.6101992440406433, 0.26427128174025244, 0.4471026030900399, 0.37479328962938097, 0.15545416648931704), (0.5346221014698079, 0.8589203044038755), (-0.10136737208752698, 0.5369955887814024)], [-0.2449130935890054, (0.4059191949279716, 0.9057805284809521), 0.4059191949279716, 0.6496331026312657, (0.6496331026312657, 0.5409183081955848), 0.26145032193358536], [0.9091947069669423, (0.8108695282449423, 0.053821634003167126), (0.5963563658538354, 0.29568970465960887), 0.9617268573778126], [-0.3730985978982395, 0.2023667858730574, 0.0023268451296419856]];B:[[(0.40565500847120434, 0.03897633349037809), (-0.7037869144715432, -0.7064746971016233), (-0.7350891191015235, -0.6977131989296909, -0.3512965973787241, 0.3888996170922905, 0.7106688644984814), (0.474993089188074, 0.49584287726651566), (-0.32381647978104855, -0.6167895067519158)], [-0.43597830126422743, (-0.8620674950761505, 0.7749008503377199), -0.8620674950761505, 0.7594959564492936, (0.7594959564492936, 0.18321014186430237), 0.6740840371820507], [0.4711145069019521, (0.821579564867768, 0.6522420782453846), (-0.004281436922473163, -0.13842265874041595), -0.3001920935080543], [0.7083288921843606, -0.9692897733917712, 0.04850595732265674]]
F:3576.524;W:[[(-0.9567520474922259, 0.009886698015732904), (0.20542106488022682, 0.8853462517235116), (0.029490549006579436, 0.4059584806758878, -0.25611045761662354, 0.5396327005885666, 0.8699226627406234), (0.4758717720171968, -0.4350808370531619), (-0.03787897908362163, -0.3956452301735725)], [0.860890784982702, (0.37361310022300986, 0.8383442961393488), 0.37361310022300986, 0.00930616297596143, (0.00930616297596143, 0.5300973535278878), 0.507263041374788], [0.2312424744578725, (0.42175186602799564, 0.8823028122856343), (-0.18859446240833966, -0.007045240409210344), 0.9693535806278389], [-0.2507989767200606, 0.9515707148470004, 0.3109957937517852]];B:[[(0.4061955216756842, -0.16579493598360584), (0.8816077855171791, 0.7968590720006616), (0.13027810513915933, -0.4964959572212254, 0.44764148687389943, 0.625710903109757, -0.858891998935585), (0.8761050625598144, -0.31932162451906304), (-0.7055235003834774, -0.34488025166785685)], [0.44874850741546446, (-0.6852967950669807, -0.8368250300489777), -0.6852967950669807, -0.3407726357282249, (-0.3407726357282249, 0.22965524231459247), 0.19700092682015735], [-0.03273679635037803, (0.34165180742441725, -0.08675787393628176), (0.6239696423429308, 0.5318728313185591), -0.09300251814981142], [-0.2841946109310584, 0.2122061055270833, -0.016535516229414737]]
F:4086.456;W:[[(0.06529877006529028, 0.7848260932609233), (-0.013528215090506699, 0.9635960931355475), (-0.2731439341350681, 0.9902237036423057, 0.7547970499407686, 0.3476781567252453, 0.15091821124944332), (0.8046112992650846, -0.09877462515854604), (-0.06429928479561346, 0.39594241581984496)], [0.5511621457777373, (0.6736626041707038, 0.8966233833354249), 0.6736626041707038, 0.9781818345060632, (0.9781818345060632, 0.9813138343467914), 0.21884043881613327], [0.024572252704921287, (0.8379731831229811, 0.19083752500676165), (0.14311332117968478, 0.26991688677093983), -0.8686173624640362], [0.4657117390435136, 0.4158426420579449, 0.04750828649323266]];B:[[(0.5951485056066128, -0.1743693189569988), (-0.7395264180901064, 0.25694688231792895), (-0.8344801693335072, 0.22813696116815974, 0.8001616714478061, -0.15257468704545896, -0.4584908862297322), (0.3255711889303494, 0.5442533284176737), (-0.19619485533870906, -0.42916783922842733)], [0.14200859370752975, (0.4813052948575116, -0.8822125199950183), 0.4813052948575116, 0.6279219591696601, (0.6279219591696601, 0.5787777241803308), 0.024606030430003967], [-0.060742409168235395, (0.516397114363353, 0.4759415877915626), (-0.3667851717287967, 0.30380169984477184), -0.6205510369407354], [0.7351833185419769, -0.13035293632025696, -0.5111623409518051]]

###############################################


Generation: 10
F:2713.396593668844;W:[[(-0.8217121514246206, 0.20534908294332194), (0.9176152819784499, 0.03825170890136946), (0.6101992440406433, 0.26427128174025244, 0.4471026030900399, 0.37479328962938097, 0.15545416648931704), (0.5346221014698079, 0.8589203044038755), (-0.10136737208752698, 0.5369955887814024)], [-0.2449130935890054, (0.4059191949279716, 0.9057805284809521), 0.4059191949279716, 0.6496331026312657, (0.6496331026312657, 0.5409183081955848), 0.26145032193358536], [0.9091947069669423, (0.8108695282449423, 0.053821634003167126), (0.5963563658538354, 0.29568970465960887), 0.9617268573778126], [-0.3730985978982395, 0.2023667858730574, 0.0023268451296419856]];B:[[(0.40565500847120434, 0.03897633349037809), (-0.7037869144715432, -0.7064746971016233), (-0.7350891191015235, -0.6977131989296909, -0.3512965973787241, 0.3888996170922905, 0.7106688644984814), (0.474993089188074, 0.49584287726651566), (-0.32381647978104855, -0.6167895067519158)], [-0.43597830126422743, (-0.8620674950761505, 0.7749008503377199), -0.8620674950761505, 0.7594959564492936, (0.7594959564492936, 0.18321014186430237), 0.6740840371820507], [0.4711145069019521, (0.821579564867768, 0.6522420782453846), (-0.004281436922473163, -0.13842265874041595), -0.3001920935080543], [0.7083288921843606, -0.9692897733917712, 0.04850595732265674]]
F:4086.456;W:[[(-0.9567520474922259, 0.009886698015732904), (0.20542106488022682, 0.8853462517235116), (0.029490549006579436, 0.4059584806758878, -0.25611045761662354, 0.5396327005885666, 0.8699226627406234), (0.4758717720171968, -0.4350808370531619), (-0.03787897908362163, -0.3956452301735725)], [0.860890784982702, (0.37361310022300986, 0.8383442961393488), 0.37361310022300986, 0.00930616297596143, (0.00930616297596143, 0.5300973535278878), 0.507263041374788], [0.2312424744578725, (0.42175186602799564, 0.8823028122856343), (-0.18859446240833966, -0.007045240409210344), 0.9693535806278389], [-0.2507989767200606, 0.9515707148470004, 0.3109957937517852]];B:[[(0.4061955216756842, -0.16579493598360584), (0.8816077855171791, 0.7968590720006616), (0.13027810513915933, -0.4964959572212254, 0.44764148687389943, 0.625710903109757, -0.858891998935585), (0.8761050625598144, -0.31932162451906304), (-0.7055235003834774, -0.34488025166785685)], [0.44874850741546446, (-0.6852967950669807, -0.8368250300489777), -0.6852967950669807, -0.3407726357282249, (-0.3407726357282249, 0.22965524231459247), 0.19700092682015735], [-0.03273679635037803, (0.34165180742441725, -0.08675787393628176), (0.6239696423429308, 0.5318728313185591), -0.09300251814981142], [-0.2841946109310584, 0.2122061055270833, -0.016535516229414737]]
F:4596.388;W:[[(0.06529877006529028, 0.7848260932609233), (-0.013528215090506699, 0.9635960931355475), (-0.2731439341350681, 0.9902237036423057, 0.7547970499407686, 0.3476781567252453, 0.15091821124944332), (0.8046112992650846, -0.09877462515854604), (-0.06429928479561346, 0.39594241581984496)], [0.5511621457777373, (0.6736626041707038, 0.8966233833354249), 0.6736626041707038, 0.9781818345060632, (0.9781818345060632, 0.9813138343467914), 0.21884043881613327], [0.024572252704921287, (0.8379731831229811, 0.19083752500676165), (0.14311332117968478, 0.26991688677093983), -0.8686173624640362], [0.4657117390435136, 0.4158426420579449, 0.04750828649323266]];B:[[(0.5951485056066128, -0.1743693189569988), (-0.7395264180901064, 0.25694688231792895), (-0.8344801693335072, 0.22813696116815974, 0.8001616714478061, -0.15257468704545896, -0.4584908862297322), (0.3255711889303494, 0.5442533284176737), (-0.19619485533870906, -0.42916783922842733)], [0.14200859370752975, (0.4813052948575116, -0.8822125199950183), 0.4813052948575116, 0.6279219591696601, (0.6279219591696601, 0.5787777241803308), 0.024606030430003967], [-0.060742409168235395, (0.516397114363353, 0.4759415877915626), (-0.3667851717287967, 0.30380169984477184), -0.6205510369407354], [0.7351833185419769, -0.13035293632025696, -0.5111623409518051]]

###############################################

